Python 3.11.10 (main, Oct 15 2024, 17:10:36) [GCC 9.4.0]
NumPy 1.26.0
[[59.95916424 58.9582613 ]
 [59.90538323 58.93597714]
 [59.95772781 58.93682515]
 [59.95968781 58.89378991]] 
 [[59.9607828  58.95883175]
 [59.95970655 58.93705978]
 [59.90650846 58.93653975]
 [59.96017239 58.89409404]]
[ True  True  True  True] 
 [ True  True  True  True]
allC 1000 1000 1000
[[59.95916424 58.9582613 ]
 [59.90538323 58.93597714]
 [59.95772781 58.93682515]
 [59.95968781 58.89378991]] 
 [[0.06477614 0.0185329 ]
 [0.03705661 0.01783907]
 [0.02831964 0.01807336]
 [0.02460517 0.02953295]] 
 [[59.9607828  58.95883175]
 [59.95970655 58.93705978]
 [59.90650846 58.93653975]
 [59.96017239 58.89409404]] 
 [[0.06270795 0.01780691]
 [0.02596911 0.01843723]
 [0.03770061 0.01891131]
 [0.0256027  0.03217266]]
WSLS 0 0 0
FH 0 0 0
