Python 3.11.10 (main, Oct 15 2024, 17:10:36) [GCC 9.4.0]
NumPy 1.26.0
[[59.90173565 56.02148546]
 [55.00805716 56.86209405]
 [55.00745223 56.86267522]
 [59.85560631 56.02132301]] 
 [[59.90646287 56.02313048]
 [55.00848897 56.86551923]
 [55.00745913 56.86449023]
 [59.85867323 56.02184239]]
[ True False False  True] 
 [ True False False  True]
allC 1 1 1
[[59.97995347 58.97575285]
 [59.91595988 58.93506623]
 [59.96115157 58.90964837]
 [59.95520786 58.70767301]] 
 nan 
 [[59.9935899  58.96351101]
 [59.96760444 58.96198818]
 [59.9358066  58.960236  ]
 [59.98085994 58.92662849]] 
 nan
WSLS 999 999 999
[[59.90165735 56.01852824]
 [55.00314435 56.860019  ]
 [55.00249357 56.8606262 ]
 [59.85550661 56.01863397]] 
 [[0.15547752 0.02837101]
 [0.03196259 0.05225159]
 [0.03547626 0.05211894]
 [0.09456204 0.01263175]] 
 [[59.90637566 56.02018715]
 [55.00352489 56.86342066]
 [55.00252584 56.86239238]
 [59.85855092 56.0189347 ]] 
 [[0.14987272 0.0281816 ]
 [0.03263869 0.05319887]
 [0.03403333 0.05418876]
 [0.09819625 0.01334291]]
FH 0 0 0
