Python 3.11.10 (main, Oct 15 2024, 17:10:36) [GCC 9.4.0]
NumPy 1.26.0
[[59.54910725 58.38334667]
 [59.18640667 58.42189249]
 [59.23451311 58.42297936]
 [59.37956676 57.40171322]] 
 [[59.55173768 58.38210676]
 [59.23467459 58.41835355]
 [59.1883748  58.41939457]
 [59.3909184  57.43296049]]
[ True  True  True  True] 
 [ True  True  True  True]
allC 877 869 823
[[59.9604345  58.95811687]
 [59.90517202 58.94033616]
 [59.95719487 58.94100581]
 [59.95883477 58.06455847]] 
 [[0.0637758  0.01923096]
 [0.03713513 0.07077422]
 [0.0294385  0.05411848]
 [0.02761283 1.23925213]] 
 [[59.9599214  58.958712  ]
 [59.95932896 58.93868017]
 [59.90643739 58.93999634]
 [59.95960155 58.05659571]] 
 [[0.06321407 0.01796789]
 [0.02564134 0.06350373]
 [0.03746481 0.06458545]
 [0.03317508 1.1942534 ]]
WSLS 64 64 64
[[59.890629   56.01486297]
 [55.00384499 56.86315647]
 [55.00239439 56.86423755]
 [59.84447237 56.02089834]] 
 [[0.15645437 0.02647828]
 [0.02739073 0.05042657]
 [0.01834744 0.05154772]
 [0.09436019 0.01821497]] 
 [[59.91836073 56.0199135 ]
 [55.00600656 56.85731109]
 [54.99844349 56.85308255]
 [59.86477791 56.0199515 ]] 
 [[0.14774196 0.03189695]
 [0.04106771 0.06543995]
 [0.01497374 0.06873871]
 [0.10774506 0.02199367]]
FH 13 13 13
[[28.73674674 29.23083339]
 [28.7308779  29.19430086]
 [28.72860382 29.22100446]
 [30.76928392 29.75582103]] 
 [[0.00992153 0.01920001]
 [0.00683083 0.03072116]
 [0.00662304 0.01208345]
 [0.01924275 0.00563269]] 
 [[28.73551454 29.22363005]
 [28.72675276 29.21802489]
 [28.7269434  29.18867412]
 [30.76026246 29.75244731]] 
 [[0.00884387 0.0283622 ]
 [0.00486627 0.01156204]
 [0.00811661 0.02776648]
 [0.03394183 0.014375  ]]
