Python 3.11.10 (main, Oct 15 2024, 17:10:36) [GCC 9.4.0]
NumPy 1.26.0
[[28.95232737 29.40611774]
 [28.91272101 29.38519738]
 [28.91299413 29.41154192]
 [30.9593189  29.9407203 ]] 
 [[28.95298927 29.40706726]
 [28.91267925 29.41265248]
 [28.91296154 29.38592066]
 [30.96091054 29.94090134]]
[False False False  True] 
 [False False False  True]
allC 0 0 0
WSLS 7 7 7
[[59.89653638 56.01279947]
 [54.97631364 56.82612032]
 [55.02217891 56.83624109]
 [59.80760083 56.02319813]] 
 [[0.16013902 0.03714901]
 [0.01670229 0.06215256]
 [0.04544907 0.06018023]
 [0.13004411 0.0153959 ]] 
 [[59.96409596 56.01094484]
 [54.99561109 56.85262414]
 [55.01710835 56.86083518]
 [59.86474897 56.02162074]] 
 [[0.07660043 0.02506552]
 [0.012979   0.05237592]
 [0.07618593 0.02852591]
 [0.07206361 0.01759446]]
FH 993 993 993
[[28.73419095 29.21855805]
 [28.72898974 29.19175684]
 [28.72894147 29.21821575]
 [30.75595739 29.75685591]] 
 [[0.01757876 0.0293965 ]
 [0.01214386 0.02509379]
 [0.01412579 0.01244192]
 [0.03136931 0.00596739]] 
 [[28.73438126 29.21952734]
 [28.72881165 29.21921864]
 [28.7289444  29.1922405 ]
 [30.7571574  29.75704934]] 
 [[0.01784705 0.03082471]
 [0.01291364 0.01301083]
 [0.01485841 0.02546884]
 [0.03157964 0.00600484]]
